   0.0000000e+00   5.6408000e+01
   1.0000000e+00   5.6444000e+01
   2.0000000e+00   5.6588000e+01
   3.0000000e+00   5.6552000e+01
   4.0000000e+00   5.6048000e+01
   5.0000000e+00   5.6282000e+01
   6.0000000e+00   5.6030000e+01
   7.0000000e+00   5.5922000e+01
   8.0000000e+00   5.6300000e+01
   9.0000000e+00   5.6804000e+01
   1.0000000e+01   5.6174000e+01
   1.1000000e+01   5.6138000e+01
   1.2000000e+01   5.6282000e+01
   1.3000000e+01   5.6210000e+01
   1.4000000e+01   5.6426000e+01
   1.5000000e+01   5.6570000e+01
   1.6000000e+01   5.6642000e+01
   1.7000000e+01   5.6822000e+01
   1.8000000e+01   5.6534000e+01
   1.9000000e+01   5.6678000e+01
   2.0000000e+01   5.6948000e+01
   2.1000000e+01   5.6966000e+01
   2.2000000e+01   5.6570000e+01
   2.3000000e+01   5.6444000e+01
   2.4000000e+01   5.6246000e+01
   2.5000000e+01   5.6570000e+01
   2.6000000e+01   5.6768000e+01
   2.7000000e+01   5.6246000e+01
   2.8000000e+01   5.6480000e+01
   2.9000000e+01   5.6462000e+01
   3.0000000e+01   5.6588000e+01
   3.1000000e+01   5.6552000e+01
   3.2000000e+01   5.6570000e+01
   3.3000000e+01   5.6570000e+01
   3.4000000e+01   5.7020000e+01
   3.5000000e+01   5.7038000e+01
   3.6000000e+01   5.6642000e+01
   3.7000000e+01   5.6264000e+01
   3.8000000e+01   5.6426000e+01
   3.9000000e+01   5.6858000e+01
   4.0000000e+01   5.6696000e+01
   4.1000000e+01   5.6894000e+01
   4.2000000e+01   5.6750000e+01
   4.3000000e+01   5.6714000e+01
   4.4000000e+01   5.6768000e+01
   4.5000000e+01   5.6750000e+01
   4.6000000e+01   5.7092000e+01
   4.7000000e+01   5.6858000e+01
   4.8000000e+01   5.6984000e+01
   4.9000000e+01   5.6570000e+01
   5.0000000e+01   5.6912000e+01
   5.1000000e+01   5.7020000e+01
   5.2000000e+01   5.7002000e+01
   5.3000000e+01   5.6750000e+01
   5.4000000e+01   5.7038000e+01
   5.5000000e+01   5.6804000e+01
   5.6000000e+01   5.7038000e+01
   5.7000000e+01   5.7200000e+01
   5.8000000e+01   5.7308000e+01
   5.9000000e+01   5.7002000e+01
   6.0000000e+01   5.7308000e+01
   6.1000000e+01   5.7236000e+01
   6.2000000e+01   5.7236000e+01
   6.3000000e+01   5.7146000e+01
   6.4000000e+01   5.7254000e+01
   6.5000000e+01   5.7020000e+01
   6.6000000e+01   5.7038000e+01
   6.7000000e+01   5.7254000e+01
   6.8000000e+01   5.7020000e+01
   6.9000000e+01   5.6966000e+01
   7.0000000e+01   5.6786000e+01
   7.1000000e+01   5.7056000e+01
   7.2000000e+01   5.7128000e+01
   7.3000000e+01   5.7290000e+01
   7.4000000e+01   5.6948000e+01
   7.5000000e+01   5.6948000e+01
   7.6000000e+01   5.6768000e+01
   7.7000000e+01   5.7236000e+01
   7.8000000e+01   5.7326000e+01
   7.9000000e+01   5.7272000e+01
   8.0000000e+01   5.7164000e+01
   8.1000000e+01   5.7344000e+01
   8.2000000e+01   5.7236000e+01
   8.3000000e+01   5.7236000e+01
   8.4000000e+01   5.6750000e+01
   8.5000000e+01   5.6894000e+01
   8.6000000e+01   5.7074000e+01
   8.7000000e+01   5.7164000e+01
   8.8000000e+01   5.7020000e+01
   8.9000000e+01   5.7236000e+01
   9.0000000e+01   5.7326000e+01
   9.1000000e+01   5.7074000e+01
   9.2000000e+01   5.7164000e+01
   9.3000000e+01   5.7596000e+01
   9.4000000e+01   5.7128000e+01
   9.5000000e+01   5.7236000e+01
   9.6000000e+01   5.6894000e+01
   9.7000000e+01   5.7596000e+01
   9.8000000e+01   5.7452000e+01
   9.9000000e+01   5.7560000e+01
   1.0000000e+02   5.7812000e+01
   1.0100000e+02   5.7992000e+01
   1.0200000e+02   5.7452000e+01
   1.0300000e+02   5.7902000e+01
   1.0400000e+02   5.7596000e+01
   1.0500000e+02   5.7560000e+01
   1.0600000e+02   5.7668000e+01
   1.0700000e+02   5.7938000e+01
   1.0800000e+02   5.8136000e+01
   1.0900000e+02   5.7884000e+01
   1.1000000e+02   5.8154000e+01
   1.1100000e+02   5.8154000e+01
   1.1200000e+02   5.7632000e+01
   1.1300000e+02   5.7686000e+01
   1.1400000e+02   5.7902000e+01
   1.1500000e+02   5.8226000e+01
   1.1600000e+02   5.8082000e+01
   1.1700000e+02   5.8190000e+01
   1.1800000e+02   5.8712000e+01
   1.1900000e+02   5.8280000e+01
   1.2000000e+02   5.8244000e+01
   1.2100000e+02   5.8424000e+01
   1.2200000e+02   5.8640000e+01
   1.2300000e+02   5.8604000e+01
   1.2400000e+02   5.8442000e+01
   1.2500000e+02   5.8784000e+01
   1.2600000e+02   5.8586000e+01
   1.2700000e+02   5.8748000e+01
   1.2800000e+02   5.8352000e+01
   1.2900000e+02   5.8622000e+01
   1.3000000e+02   5.8856000e+01
   1.3100000e+02   5.8604000e+01
   1.3200000e+02   5.8568000e+01
   1.3300000e+02   5.8658000e+01
   1.3400000e+02   5.8766000e+01
   1.3500000e+02   5.8928000e+01
   1.3600000e+02   5.9414000e+01